40,52
40,51
40,50
40,49
40,48
40,47
40,46
40,45
40,44
40,43
40,42
40,41
40,40
40,39
40,38
40,37
40,36
40,35
10,230
10,114
10,140
10,294
10,116
10,68
10,146
10,156
11,8
11,6
11,20
11,26
11,12
11,10
8,11
8,16
8,8
8,6
8,17
38,3
38,2
38,1
38,0
37,5
37,4
37,3
37,2
37,1
37,0
36,4
36,3
36,2
36,1
36,0
20,3
20,2
20,1
19,3
19,2
19,1
12,3
12,2
12,1
11,24
11,22
11,18
11,16
11,14
11,4
11,3
11,2
11,1
10,240
10,234
10,208
10,206
10,158
18,1
10,154
10,148
10,66
10,3
10,2
18,3
14,1
10,1
9,7
9,6
9,4
9,3
14,3
13,1
